time,x,y,z,phi,theta,psi,x_velocity,y_velocity,z_velocity,phi_velocity,theta_velocity,psi_velocity,rotor_speed1,rotor_speed2,rotor_speed3,rotor_speed4
0.06,-3.75066317159e-07,4.32594805068e-08,10.0034047539,5.12557588532e-05,0.000333780154504,0.0,-3.17718391356e-05,4.16209897209e-06,0.113486504828,0.00251041071457,0.0148514369195,0.0,441.1367023012477,442.3610592238439,440.4627275355232,440.67023570064794
0.12000000000000001,-1.52373241989e-05,2.1725721873e-06,10.0168778482,6.28303893636,0.00177997246067,0.0,-0.000609374726108,6.84616865696e-05,0.335577052552,-0.0186256727273,0.0381007092274,0.0,472.5490805248483,474.33760484794783,475.5410871021648,473.919625387798
0.18,-0.00010349151056,-1.95670345296e-06,10.0425912801,6.28188724504,0.00445132636212,0.0,-0.00261938995794,-0.000336224845466,0.521469600806,-0.0203581446424,0.0549867932821,0.0,463.17828675074634,464.5051908257772,463.22235971233806,463.08618433840195
0.23999999999999996,-0.000364641597834,-5.34193942548e-05,10.0767564853,6.28067989293,0.00734313252496,0.0,-0.00640494845149,-0.00150225254056,0.617321174012,-0.0196554725436,0.028990632436,0.0,437.1214607361503,434.95142413995853,435.7038643139285,435.7626149677482
0.3,-0.000926638530924,-0.000205546894423,10.1191106991,6.27994150086,0.0100526417562,0.0,-0.0125927315158,-0.00367369799339,0.794376797174,-0.000626480749877,0.0660453351294,0.0,458.9348787529383,461.8671590004298,461.10020678982863,462.6009260132069
0.36000000000000004,-0.00191717421385,-0.000496601853547,10.170835937,6.27987226356,0.0145342251008,0.0,-0.0208810934413,-0.00603349480566,0.929691766966,-0.00223043079292,0.0879733207486,0.0,447.98780787727253,449.7712013849639,448.46730639251047,448.3370494199147
0.4200000000000001,-0.00349508715728,-0.000928610325358,10.2299178323,6.27967659464,0.0196768976446,0.0,-0.0322541393941,-0.00838340515654,1.03960181673,-0.00540679372595,0.0807561533791,0.0,441.2537741472568,440.6637458926003,441.0757378359062,440.81343268246127
0.48000000000000015,-0.0059210799044,-0.00151684543806,10.2984884042,6.27914303943,0.0244267920405,0.0,-0.0491732199889,-0.0112728545001,1.24586937105,-0.0169805424588,0.0757779108807,0.0,470.7530575574435,470.37236359071477,470.9925036386839,470.0967569795998
0.5400000000000001,-0.00937328705892,-0.00227718897547,10.3754227754,6.27808263049,0.0293061478047,0.0,-0.0663617937806,-0.0141733278404,1.31851527523,-0.0190965801898,0.0905799243893,0.0,429.8672804217553,431.1251413715084,429.14106754528353,428.96149021689627
0.6000000000000002,-0.0140512764851,-0.00324517698957,10.4598344767,6.27906947702,0.0348388759679,0.0,-0.0901863671654,-0.0180570515797,1.49497372261,0.0489495094568,0.0952894480219,0.0,462.4871940675505,462.8647301857305,459.3269562090521,464.69149166538534
0.6600000000000003,-0.0203283287385,-0.00441477797596,10.5559855526,6.28165229533,0.0404595308587,0.0,-0.119712926284,-0.0205955635151,1.70974053901,0.0273625522315,0.0902442110894,0.0,474.12045050797343,473.73952537646863,475.3538112332538,473.697699283166
0.7200000000000003,-0.0282238684959,-0.00567171094753,10.6580888321,6.28310367125,0.0454521457771,0.0,-0.143919672986,-0.0211702770461,1.69370543419,0.0169391842911,0.0629423077086,0.0,402.8612639183826,400.391346685649,402.0092976515288,401.0639105947967
0.7800000000000004,-0.0377984447954,-0.00693978325393,10.7623818944,0.000931910315489,0.0495380738321,0.0,-0.175623212775,-0.0209969886464,1.78257409777,0.0167987851289,0.0768054951985,0.0,435.5272873230816,436.68868964400076,436.7614561803796,436.74967092791667
0.8400000000000004,-0.0494013920819,-0.00817608988506,10.8728012096,0.00169239315486,0.0539787786282,0.0,-0.211605407464,-0.0201195946508,1.89785727013,0.00279173855799,0.0677433049299,0.0,445.28335262106515,444.5456923077483,445.9073348200097,444.7615802261947
0.9000000000000005,-0.0632395810154,-0.0093474719267,10.9898490973,0.001616998824,0.0578183673982,0.0,-0.250066358877,-0.0189204702828,2.00353230741,-0.0109207604107,0.0551818928103,0.0,443.4136407261451,442.3835438770311,442.8003536918344,441.67095705117924
0.9600000000000005,-0.0793477372207,-0.0104544473402,11.1112649938,0.00103880051825,0.0611320698319,0.0,-0.28717777307,-0.0180361525569,2.04357027319,-0.00718470458913,0.0553211371299,0.0,421.61115194999303,421.6254153500432,421.9199796429002,422.24251291019556
1.0200000000000005,-0.0979500187047,-0.0115154690262,11.2383826596,0.000449310445633,0.0647527734508,0.0,-0.333263904148,-0.0173866500749,2.19337889771,-0.015710927091,0.0688611716306,0.0,456.35953105031496,457.44139733673967,457.2343989069051,456.55478776787294
1.0800000000000005,-0.119325818863,-0.0125526409781,11.3733373883,6.28294460768,0.0686340805564,0.0,-0.379667404045,-0.0172692982795,2.30485773814,-0.00418567352544,0.0546690812836,0.0,447.0574849557911,445.9026536979919,444.46533940375593,445.4089797374627
1.1400000000000006,-0.14373810556,-0.0135949699224,11.5174778696,6.28313282178,0.0717266000382,0.0,-0.434420214531,-0.0174750666057,2.49938323318,0.0147841059501,0.0444138614109,0.0,472.37604344396203,471.5861146405864,470.32212589428565,471.788972206431
1.2000000000000006,-0.171272734453,-0.0146412774207,11.6700564155,0.000747898858616,0.0743085738186,0.0,-0.483652488153,-0.0173173053855,2.58634569681,0.010282186529,0.0401180145847,0.0,439.8046781931039,439.4497821732255,439.49520933498354,439.1218110153983
1.2600000000000007,-0.202143738292,-0.0156588677871,11.8322568156,0.00153313235475,0.0767831368745,0.0,-0.545640614813,-0.0165169498202,2.81975045426,0.0181777199773,0.0434016820002,0.0,484.4516934002091,484.69927363791237,483.6065050370549,484.20071180794935
1.3200000000000007,-0.236365574176,-0.0166168647418,12.0028706191,0.0023540281468,0.0802536192424,0.0,-0.595377184633,-0.0153246354688,2.86722171212,0.00269094659601,0.0771951549619,0.0,427.5673478871184,430.4389922885469,428.68775046580004,427.3696696793796
1.3800000000000008,-0.273697616511,-0.0174892717983,12.1769735214,0.00259102097635,0.084400707961,0.0,-0.64945044035,-0.0137366319749,2.93598104873,0.0063559513481,0.0435317111074,0.0,437.07410278482587,434.26285672321524,435.7068445687778,436.01307461063
1.4400000000000008,-0.314412256495,-0.018259108791,12.3559326622,0.00284770683809,0.0865753587292,0.0,-0.70793773155,-0.0118927725618,3.02904199796,-0.00024046076048,0.0147882543543,0.0,444.61582397859945,442.2551593052349,444.773270000184,444.2326177801252
1.5000000000000009,-0.358899410963,-0.0189068936142,12.5430473442,0.00307570975114,0.0872934422354,0.0,-0.775024432248,-0.00968822418506,3.20760059475,0.01085554415,0.0056285446844,0.0,471.2021695133719,470.4934057618572,470.15305308185646,471.0119172588024
1.560000000000001,-0.407350859208,-0.0194173979369,12.7399935644,0.00374453636899,0.0876436365518,0.0,-0.840032545426,-0.00725791764844,3.35682207144,0.0117239561617,0.00624943207375,0.0,462.5786884158703,462.6274794136032,463.2958194161592,463.36396497159024
1.620000000000001,-0.459502370446,-0.0197761565477,12.9434996991,0.0039671871524,0.0877824860665,0.0,-0.898369324475,-0.0046474489244,3.42648798128,-0.0215334515494,-0.00702554074432,0.0,438.96700104868546,437.86394447948027,441.38297970140655,438.62958640986636
1.680000000000001,-0.515309358407,-0.0199746795371,13.1529242667,0.00219430830907,0.087404248299,0.0,-0.961798417471,-0.00212413464036,3.55392590616,-0.0547885414924,-0.00489845589046,0.0,457.83046046750945,457.9997795267316,458.88203812315624,456.2340026744977
1.740000000000001,-0.575013293118,-0.0200663711624,13.3710945331,6.28196370167,0.0869679605312,0.0,-1.02825924162,-0.00130604291852,3.71787651582,-0.0616038015391,-0.0124990402953,0.0,470.3579334728556,469.7690275695738,469.4220402800952,468.89081072112407
1.8000000000000012,-0.638764029168,-0.0201882903343,13.5998830005,6.27891912206,0.0860910186383,0.0,-1.09663075226,-0.00313832719416,3.90775681875,-0.034948750681,-0.0192259627115,0.0,479.48240535911225,478.97117822334724,476.4892493030908,478.5210866178767
1.8600000000000012,-0.706549811736,-0.0204826379727,13.839504344,6.27695603934,0.084609789767,0.0,-1.1627149647,-0.00689843051135,4.07901232601,-0.0285939860492,-0.0388009781214,0.0,475.4886365824505,473.986441120913,473.38522336182615,473.873653513698
1.9200000000000013,-0.777846551062,-0.0210134860651,14.0844367648,6.27511185073,0.0819050998315,0.0,-1.21364282217,-0.0109529855329,4.08538651864,-0.0354074846423,-0.0621837656447,0.0,424.97825187861395,422.96760821377995,424.23350939099373,423.6476306855548
1.9800000000000013,-0.852447185888,-0.0218523779566,14.3334027872,6.27329641024,0.0778618121814,0.0,-1.27262066433,-0.0172135949418,4.21303808176,-0.0215572707617,-0.0806243305649,0.0,462.8963475088812,461.4394512320212,461.99673822021794,463.08728163786094
2.0400000000000014,-0.930286815813,-0.023075033602,14.5872671532,6.27162188164,0.0731757535625,0.0,-1.32160915428,-0.0236735241744,4.24900674038,-0.0453113083357,-0.0734822330155,0.0,433.98888775058447,434.58296803209447,435.92763856835484,433.93764343735614
2.1000000000000014,-1.01107935951,-0.0247374625234,14.8446017685,6.26887849206,0.0689317339694,0.0,-1.37105221071,-0.0320077805546,4.32854139387,-0.0465595869033,-0.0657389447951,0.0,448.518535122479,449.1432321254587,448.5421014717148,448.439504208566
2.1600000000000015,-1.09467901366,-0.0269375583483,15.1055268525,6.26627198957,0.0647360549882,0.0,-1.4152410831,-0.041577847773,4.3688322547,-0.037841106741,-0.0799944650731,0.0,437.40614078087197,436.21329646557626,436.4657602223335,437.1917548938244
2.2200000000000015,-1.18118250538,-0.0298488084171,15.3740220143,6.26383081341,0.0595827880027,0.0,-1.46759965509,-0.0557282289076,4.580213073,-0.0470874182382,-0.101529263239,0.0,489.24730311622926,487.6355842878581,489.6755899140319,488.9865040890214
2.2800000000000016,-1.27062633658,-0.0336439568699,15.6538804878,6.2608979049,0.05347867566,0.0,-1.5131711986,-0.0710861430256,4.74776495199,-0.0527351227818,-0.102149967169,0.0,477.56275651378223,477.50722502331683,478.13890011652285,477.70709441383525
2.3400000000000016,-1.36244211431,-0.0383280845432,15.9394001909,6.25775489577,0.0478337904633,0.0,-1.54685328736,-0.0853356580418,4.76951107571,-0.0516895815806,-0.0815061407541,0.0,433.6756616694765,435.39846554775767,433.8802150153126,433.966142585071
2.4000000000000017,-1.45636412333,-0.0440230379621,16.2300361257,6.25515535597,0.0425636139411,0.0,-1.58333158371,-0.104787641652,4.91775809059,-0.0303845976569,-0.105140329239,0.0,474.9768267191563,473.15443086285455,471.9392231083905,473.5799475211825
2.4600000000000017,-1.55221796508,-0.0508414499402,16.5261650279,6.25288006267,0.0367588364288,0.0,-1.61126665189,-0.122672163427,4.95309924796,-0.060596331468,-0.0837737578647,0.0,438.8980763462061,440.659730806334,441.4150643395648,438.9135295921744
2.520000000000002,-1.64959873084,-0.0587380438561,16.8230113842,6.24968665055,0.0315920349613,0.0,-1.63435431978,-0.14083998431,4.94186230903,-0.0415165751249,-0.0912556684231,0.0,425.90969298721996,425.2626972727477,423.8470279563229,425.4817661722754
2.580000000000002,-1.7482902412,-0.0677882146463,17.1195321076,6.24664263289,0.0260209649425,0.0,-1.65491059283,-0.161061768097,4.94219901057,-0.0846861038122,-0.0962473532506,0.0,428.6655771172886,428.233474796052,430.8569961835608,427.1886765876488
2.640000000000002,-1.8482544105,-0.0783101546305,17.4212894397,6.24135230402,0.021652356593,0.0,-1.67668693307,-0.190226086883,5.11563311833,-0.096254063501,-0.0465433504849,0.0,480.31092604140173,484.0615210159851,482.1652942273277,481.2845863762684
2.700000000000002,-1.94942863056,-0.09067982631,17.7328774336,6.23653497159,0.0195208021609,0.0,-1.69552595316,-0.222636952053,5.26992239699,-0.0595816234032,-0.0195619100555,0.0,476.58687304988274,478.6443454152773,476.72169241336155,479.51072880993536
2.760000000000002,-2.0516293081,-0.104934328228,18.050342821,6.23281532026,0.018343827814,0.0,-1.7110630999,-0.25284416621,5.31204849557,-0.0673153725239,-0.0197251104866,0.0,445.70964439995834,445.6963428552475,445.09029771583573,444.45402113085095
2.820000000000002,-2.15480126202,-0.121236859856,18.3735646968,6.22981939754,0.0171541142095,0.0,-1.72787285449,-0.290907707263,5.46129236092,-0.0280340031547,-0.0200362500769,0.0,478.7528884509545,478.7292750695602,476.1990434424946,479.1930276061717
2.880000000000002,-2.2589241757,-0.139773948968,18.703732664,6.22799569852,0.0161259216736,0.0,-1.74278665566,-0.327147638738,5.54389882951,-0.0355920992446,-0.0118903967258,0.0,460.2004758429198,460.8449899610356,459.20715182243725,458.6068331282853
2.940000000000002,-2.3639327536,-0.160549187492,19.0393106436,6.22583527647,0.0155624321851,0.0,-1.75743802506,-0.365551798928,5.64153730751,-0.0368499002775,-0.00481124148302,0.0,465.13599739453036,465.6902808510361,464.8706028709665,464.77150016368194
3.000000000000002,-2.4698017668,-0.18363420053,19.3800651558,6.22367066094,0.0149975364816,0.0,-1.77149341094,-0.40414186934,5.7165515176,-0.0345744641327,-0.0207355725362,0.0,458.9807685796975,457.71508412824784,460.07343110987665,460.25305286483643
3.0600000000000023,-2.5764739167,-0.20896492976,19.7234421184,6.2212718865,0.0137054686088,0.0,-1.78414426941,-0.440409045085,5.72927165362,-0.053897931449,-0.0231819623236,0.0,440.8445968459345,440.64235841248336,441.29210587805045,439.6929015272886
3.1200000000000023,-2.68386271003,-0.236419844701,20.0659987492,6.21822262831,0.0122699482937,0.0,-1.79538341122,-0.475023063989,5.68946767233,-0.0452870287533,-0.0254549610342,0.0,423.8819143903049,423.68639754689156,423.26605442389865,424.0048212987682
3.1800000000000024,-2.79195776287,-0.266284053175,20.410506216,6.21629497633,0.011505160378,0.0,-1.80768071227,-0.520646806286,5.79356976142,-0.013980479407,0.00496055439919,0.0,467.8734400796213,470.23595421783585,467.0273273936303,469.46269039235
3.2400000000000024,-2.900746304,-0.298709715443,20.7581265724,6.21547555129,0.0117430168841,0.0,-1.81863376135,-0.560281652,5.79375179743,-0.0130180305456,0.00189319038707,0.0,438.2726254408844,438.0174836884265,436.9045892678716,436.9849538175236
3.3000000000000025,-3.01019187207,-0.33349769642,21.1053228054,6.21554532774,0.0117199717954,0.0,-1.82956431432,-0.599346772058,5.77951171444,0.0202839628487,-0.00537983937519,0.0,433.0649668555061,432.4526561602768,431.70520655005646,434.5066865636045
3.3600000000000025,-3.12028179594,-0.370553429821,21.4506234975,6.21660051994,0.0121421916436,0.0,-1.84011982008,-0.635772855461,5.73075120648,0.011557454519,0.0244541832016,0.0,420.63578020530804,423.2120198509777,421.32640939707574,420.57104830141947
3.4200000000000026,-3.23104351481,-0.409919199591,21.7950905516,6.21727576018,0.0136210327056,0.0,-1.85207117303,-0.676353446224,5.75135437727,0.0106400936419,0.0250308672496,0.0,444.1369573450005,444.18435076894747,442.85073470162945,442.77513173583463
3.4800000000000026,-3.34255660572,-0.451739550659,22.1412683736,6.21820902657,0.0151539721943,0.0,-1.86517219556,-0.717575421202,5.78769620949,0.0239143934114,0.0265654793201,0.0,449.3316204646065,449.45614513448754,447.5016068956526,448.5809516126435
3.5400000000000027,-3.45485578204,-0.495890629102,22.4877170145,6.21956835512,0.0164227353177,0.0,-1.87826083414,-0.754024596425,5.76070979591,0.0200109512311,0.00717509314188,0.0,429.8657925783562,428.2191760384009,428.8709155614749,428.53922594949324
3.6000000000000028,-3.56791444093,-0.542035941594,22.8298396956,6.22068480459,0.0169207109634,0.0,-1.89041138789,-0.784114934429,5.64396029301,0.0156417108926,0.0104587731496,0.0,398.37806447561513,398.67816500605073,397.84372654005796,397.44336933856243
3.660000000000003,-3.68179495195,-0.590278926582,23.1698639415,6.22187142035,0.0172579606807,0.0,-1.90565737043,-0.823875941334,5.68994009027,0.0269761931685,-0.00643357171849,0.0,450.69405391027385,449.32636098002826,450.93109090828017,451.84590557395245
3.720000000000003,-3.79655392182,-0.640738029188,23.5102542193,6.22368952032,0.0168969746156,0.0,-1.91962576208,-0.857971191754,5.656574702,0.0362368587557,-0.00519491369721,0.0,426.0849803907992,426.19098358148796,424.9783313768793,425.77186522707797
3.780000000000003,-3.91216869984,-0.693286657109,23.8498895146,6.22574641901,0.0161441665214,0.0,-1.93417110719,-0.893470179957,5.66457138435,0.0300534660564,-0.0343175521215,0.0,439.54437216380455,437.1237651613532,439.5667738625922,439.0544583356959
3.840000000000003,-4.02875837344,-0.748360882734,24.1975133796,6.22744058401,0.0137474397928,0.0,-1.95187591713,-0.942054711689,5.92161136329,0.0243287760881,-0.0546390557782,0.0,514.1181279875249,512.6753919808436,511.65439164040987,511.246704298921
3.900000000000003,-4.14621498359,-0.805748969299,24.550462605,6.22978481874,0.0102535178567,0.0,-1.9631187317,-0.970765693759,5.84381180844,0.0587026107843,-0.0666084158795,0.0,413.71505522241836,412.6568899753319,412.0791365360029,415.10804871612356
3.960000000000003,-4.26435436914,-0.865146305389,24.9049062612,6.23366918648,0.00611047203437,0.0,-1.97445073684,-1.00873364984,5.97038841411,0.0746806609872,-0.074444452263,0.0,477.67841070679776,477.0770957340559,475.85911379434447,477.0835807011336
4.020000000000002,-4.38307835937,-0.926647197028,25.2650864216,6.23822703301,0.00132618137941,0.0,-1.98259693129,-1.040861434,6.03535633348,0.0784134480833,-0.0932716885216,0.0,460.2534098320774,458.75556088951043,459.5674634072978,459.867629354819
4.080000000000001,-4.50219845224,-0.989903561876,25.6272323586,6.24295282561,6.2786490105,0.0,-1.98760561345,-1.0672928895,6.03626607064,0.079453301461,-0.108506822538,0.0,440.80609422059894,439.5366042983773,440.06009691309885,440.15120456299144
4.14,-4.62150921422,-1.05473241131,25.9911341972,6.24780578627,6.27188882404,0.0,-1.98882190079,-1.0932179982,6.09359725523,0.0835966461169,-0.12265521163,0.0,458.4503788618845,457.3135749431165,457.13063058303027,457.46581057547155
4.199999999999998,-4.74085719398,-1.12077719304,26.3512734492,6.25267926616,6.26464367585,0.0,-1.98902397837,-1.10803032291,5.91211480478,0.0760034536983,-0.117198705518,0.0,377.24605782767543,377.7567094259323,378.3397060757479,377.61430082800536
4.259999999999997,-4.85994003422,-1.18795009874,26.7104378717,6.25728651572,6.25709630455,0.0,-1.97966714066,-1.13056455541,6.05936841153,0.0783103258234,-0.154605234202,0.0,484.0105906221815,481.17255748731384,482.7471005959677,482.92531855260233
4.319999999999996,-4.97851127324,-1.25617891432,27.0705567281,6.26172667489,6.24784019328,0.0,-1.97207359438,-1.14344147103,5.94531533837,0.0635861858849,-0.153604302591,0.0,401.37302786276115,401.43860754621386,401.43112632555693,400.09731933474757
4.379999999999995,-5.09650506007,-1.32512167078,27.4237818461,6.26564663372,6.2390048926,0.0,-1.96042717225,-1.15440840251,5.82955697115,0.0686133169144,-0.136896427538,0.0,397.27144084816007,398.77751266814204,399.4208788021078,399.8828579536111
4.439999999999993,-5.21342648725,-1.39476359317,27.7756786997,6.26959663555,6.23027863298,0.0,-1.93617423926,-1.16660502447,5.90006949524,0.0595992822849,-0.173900587896,0.0,459.47273450240033,456.508733439916,459.0869243620663,458.37405329360183
4.499999999999992,-5.32857366422,-1.46509813836,28.1344414923,6.27290154965,6.22069635974,0.0,-1.90103636706,-1.17750114055,6.05796218281,0.0440314895727,-0.140589441812,0.0,483.1679020422996,485.65033163942076,486.01302968606035,484.84634270948595
4.559999999999991,-5.44190100093,-1.53594300422,28.4950072545,6.27604637475,6.21205776355,0.0,-1.8758979405,-1.18379732263,5.96147372213,0.0653763684909,-0.151786831887,0.0,405.85508618194916,404.82690387408786,406.1544335480167,408.0667164287964
4.6199999999999894,-5.55325649222,-1.60714848006,28.8544138546,6.27971038129,6.20322507218,0.0,-1.83512331234,-1.18936572386,6.01851825563,0.0506429998612,-0.139358262636,0.0,454.1677521058763,455.14379321746446,456.17251922830843,454.99678901206113
4.679999999999988,-5.66233593637,-1.67861051403,29.2131179607,6.28280893524,6.195518117,0.0,-1.80022051722,-1.19248217529,5.93874744697,0.0535696008517,-0.112611808564,0.0,410.6863227308502,413.03529192091014,410.3745344879259,410.6362428893938
4.739999999999987,-5.76860877157,-1.75021246357,29.5737591189,0.00284007671377,6.18952043283,0.0,-1.74157537365,-1.19391153944,6.08191416039,0.0536830952043,-0.0823224227838,0.0,479.2676845723105,481.55639861079874,480.8576877977621,480.8679430686456
4.799999999999986,-5.87116401465,-1.82182904958,29.9437296002,0.00581259328969,6.18474138367,0.0,-1.67644913797,-1.19297191257,6.24956626252,0.0396130693767,-0.0747842168273,0.0,488.94308312666425,489.49998231912116,489.6039370883881,488.5570841315931
4.859999999999984,-5.97000651922,-1.89334614051,30.3206842219,0.00788338607853,6.18057671255,0.0,-1.61789151148,-1.1907214271,6.31523720696,0.021617152463,-0.0603954733744,0.0,460.35366411620794,461.4874815139604,461.0109397698831,459.5869475310027
4.919999999999983,-6.06582736672,-1.96473760999,30.6960157621,0.00896619759649,6.177077059,0.0,-1.5757922047,-1.18890779409,6.19644000469,0.00972909818793,-0.0544845876688,0.0,401.0236955506265,401.5576077154199,401.20140927915367,400.120290314203
4.979999999999982,-6.15853827116,-2.03596209942,31.0691589824,0.00978158091045,6.17403345393,0.0,-1.51426758082,-1.18517827081,6.24140748081,0.0203676562475,-0.0441104210585,0.0,452.71466859825233,453.5471904818034,453.85171450169497,454.7048332722738
5.0399999999999805,-6.24756269587,-2.10695175124,31.4443779858,0.0106265375848,6.17139765246,0.0,-1.45295087489,-1.18104848596,6.26573841379,-0.00306165965436,-0.0435717554206,0.0,448.32814042385354,448.370845933342,448.1745097563139,446.26568529188546
